-70
144
360
364
364
342
331
327
302
279
276
259
236
234
225
197
189
193
183
180
191
183
174
182
190
180
181
194
186
180
191
189
178
189
194
180
185
197
189
184
196
194
182
192
196
184
188
199
191
185
195
195
183
193
200
186
187
201
191
187
199
199
193
211
230
228
241
264
263
260
277
277
262
263
266
244
231
230
211
196
207
208
196
202
209
195
199
209
202
195
206
206
195
201
209
196
192
187
192
256
350
432
498
583
668
728
732
654
554
451
365
274
170
98
110
128
154
178
172
164
176
178
163
172
185
169
169
184
180
172
186
192
189
210
233
234
244
268
277
282
305
321
320
332
346
336
337
350
350
337
342
344
326
322
327
310
297
294
275
249
245
240
215
208
205
182
167
170
165
156
167
173
158
164
176
165
162
176
173
165
174
182
169
172
184
175
171
184
181
172
182
187
175
179
190
183
181
193
192
180
187
194
182
183
193
187
182
195
195
185
194
200
187
198
224
225
231
256
268
259
268
277
261
259
266
252
232
231
219
197
196
203
187
186
198
191
187
200
197
186
193
203
190
190
203
195
188
187
181
230
320
409
476
554
644
712
735
672
576
469
384
297
193
107
101
120
139
167
168
158
166
173
164
166
178
174
165
177
177
164
174
189
188
200
224
231
232
257
270
272
296
316
315
323
340
336
329
340
342
332
335
341
327
320
328
320
301
295
285
256
247
243
221
204
205
191
169
168
168
155
161
174
164
162
174
171
162
174
177
163
170
181
169
165
182
177
167
178
184
171
174
188
176
173
188
186
175
183
187
177
182
188
179
175
191
188
178
189
196
183
185
196
184
186
213
223
221
242
256
250
256
270
259
251
261
253
228
227
220
195
186
192
184
174
188
187
177
184
188
178
181
192
181
178
191
190
180
179
170
203
285
381
453
523
613
687
725
684
596
486
397
314
213
116
88
109
128
152
167
153
153
168
159
152
166
164
154
166
175
163
163
177
181
186
213
223
222
242
260
263
280
305
309
311
329
331
325
331
343
331
325
335
326
312
322
317
296
289
284
256
237
238
222
201
203
191
166
158
164
154
154
167
162
158
166
168
157
164
173
161
160
173
170
163
175
176
165
173
183
172
168
182
177
169
179
183
170
178
187
176
173
186
182
172
183
188
175
180
191
181
179
191
191
187
210
222
219
235
258
258
255
272
269
254
260
257
234
224
225
205
188
195
190
178
186
193
180
183
195
183
180
197
195
182
192
198
188
184
177
191
266
361
439
508
593
678
732
710
631
525
424
344
248
143
93
115
127
152
173
165
159
171
169
162
175
179
165
168
182
176
171
181
189
190
212
231
232
245
268
270
279
307
317
318
335
342
332
336
352
342
337
345
339
326
325
329
312
296
294
273
248
250
241
215
210
207
182
167
173
166
158
172
175
163
171
179
169
168
179
176
170
183
185
171
181
188
173
176
188
184
173
184
189
176
182
190
183
182
194
189
181
193
196
185
191
198
187
184
198
196
185
197
196
184
204
227
227
236
261
262
259
273
275
259
262
264
246
230
228
211
190
192
193
182
186
198
189
187
201
196
185
197
198
186
194
203
193
186
180
184
248
340
424
489
574
661
723
726
650
548
444
362
274
168
94
105
124
143
167
167
155
167
173
159
163
178
170
163
178
177
166
175
185
184
202
224
225
234
262
270
272
296
313
314
323
337
331
326
339
339
329
335
334
317
315
322
308
290
292
276
247
240
236
213
204
202
178
159
161
161
151
160
165
155
158
169
162
155
168
168
161
169
175
164
166
178
169
162
178
177
164
169
179
167
167
182
174
166
180
183
172
180
186
176
175
185
180
174
185
186
173
182
190
180
189
214
220
224
246
257
247
256
267
254
249
255
239
215
218
209
186
181
190
179
178
191
184
177
186
188
178
184
193
182
178
189
186
176
174
173
227
314
404
474
550
641
711
721
651
558
454
368
283
175
88
92
114
132
157
163
150
156
168
159
158
170
166
154
168
175
162
166
176
181
193
221
229
227
247
263
270
288
313
314
316
334
332
323
336
344
329
328
333
322
316
324
314
292
288
281
254
241
239
218
200
201
186
161
161
168
156
158
171
164
159
172
173
160
170
178
168
171
179
169
163
179
179
168
175
182
173
176
190
183
176
186
186
174
184
191
178
179
192
183
175
192
193
181
188
195
184
183
198
190
186
214
228
225
245
265
257
261
277
267
254
263
257
231
228
226
200
189
202
193
183
195
197
184
191
200
189
189
201
192
186
201
202
189
186
182
213
291
385
459
526
619
696
737
694
607
500
405
326
228
125
93
119
133
161
177
163
162
175
170
163
172
178
167
172
180
170
171
185
191
195
219
234
234
250
270
272
285
314
320
319
338
341
329
336
349
342
337
345
336
318
326
325
302
293
292
269
247
250
233
209
207
198
174
168
173
162
160
173
172
162
174
179
166
170
183
172
168
182
179
169
180
186
173
177
191
178
175
189
185
173
184
194
181
181
191
182
177
187
190
178
189
195
182
185
196
188
183
194
195
187
206
226
224
238
260
258
254
271
271
256
260
258
235
224
224
206
189
195
192
178
187
194
182
182
196
189
179
192
193
182
191
198
183
180
175
190
262
357
437
504
586
670
727
705
625
524
423
341
247
142
87
107
120
144
163
161
153
166
169
156
164
172
162
162
175
170
164
174
184
183
201
225
224
234
259
266
271
297
312
309
324
337
328
327
340
335
326
334
332
316
318
323
302
286
288
269
242
237
229
206
198
193
171
158
165
158
148
160
165
156
160
167
158
157
172
168
157
169
173
162
167
177
169
166
181
176
165
175
180
169
173
185
176
168
184
183
171
182
185
173
178
191
181
175
189
187
177
188
192
183
194
217
218
226
249
257
251
262
271
254
254
259
241
220
222
207
184
189
191
176
176
191
185
177
190
189
178
189
192
182
186
197
188
180
175
178
239
327
415
481
560
654
720
722
650
554
445
361
274
169
91
104
122
141
164
163
154
161
172
162
160
173
169
162
174
174
163
173
186
187
201
225
231
235
257
271
275
295
318
316
323
339
335
330
343
344
331
336
342
326
320
325
310
292
295
283
253
241
242
218
203
204
187
166
171
173
158
165
178
165
164
177
172
163
176
181
170
176
184
173
173
187
183
170
181
188
177
182
191
179
176
190
187
178
191
191
178
185
198
187
184
198
194
182
194
198
183
189
202
193
196
223
232
232
254
270
261
266
279
266
257
268
258
234
232
224
197
192
201
192
183
198
199
186
194
200
188
190
204
194
185
200
198
184
182
180
225
310
404
473
544
635
710
736
677
587
480
386
305
202
108
102
123
136
161
173
160
163
178
170
162
177
177
164
174
181
170
171
186
189
192
220
233
235
255
273
276
288
314
318
318
337
342
330
338
347
335
332
338
328
317
326
322
300
295
288
259
242
242
223
202
205
196
168
163
167
158
157
168
163
157
172
172
160
168
177
166
165
178
171
164
176
179
168
174
182
172
171
188
181
171
184
184
172
181
188
178
179
188
181
174
187
190
177
183
193
182
181
196
190
185
210
225
222
236
256
254
255
269
263
249
253
251
227
217
220
199
185
192
185
172
183
189
176
179
190
181
179
193
187
176
185
195
181
176
170
199
276
369
448
517
606
686
730
690
605
503
404
321
223
119
83
113
128
153
165
159
154
165
163
153
164
171
156
162
175
166
158
177
184
187
210
230
227
240
263
268
277
303
316
314
327
337
325
329
341
332
325
335
332
317
320
321
300
286
284
261
236
238
227
201
199
194
167
159
165
160
152
165
167
154
164
174
161
160
174
166
160
173
174
161
169
179
168
166
180
174
168
182
183
171
180
187
175
173
189
184
174
187
190
174
178
191
177
176
192
186
177
190
191
184
202
224
222
232
257
260
256
267
268
250
254
258
237
221
225
209
187
194
197
182
188
193
180
179
194
189
181
191
196
184
191
200
190
184
177
190
259
352
435
501
582
672
729
716
636
532
429
347
258
149
87
108
125
146
168
168
159
170
173
159
167
180
168
166
179
178
168
178
188
189
206
230
234
241
267
274
277
303
319
317
326
341
332
331
344
344
332
337
341
325
323
330
312
296
297
280
247
246
241
216
206
204
184
164
170
169
159
167
176
163
166
181
173
165
181
182
166
174
183
173
176
190
180
173
184
186
176
185
194
179
182
196
189
179
192
191
179
187
198
184
183
197
190
180
194
196
183
191
198
186
196
223
228
228
252
265
258
268
277
262
258
264
250
226
229
219
193
190
196
188
185
198
192
179
189
193
181
189
202
190
187
200
193
183
179
183
237
325
415
483
559
650
719
728
659
564
457
369
284
180
93
98
123
138
164
169
154
160
170
161
160
173
166
158
171
175
162
167
184
186
195
222
230
229
254
272
272
287
311
315
319
336
332
324
335
345
331
331
339
323
315
323
314
293
290
278
250
238
235
215
199
200
186
162
159
164
151
158
171
161
156
167
167
154
167
173
162
162
175
169
164
177
176
163
173
179
167
168
184
174
