13464
13957
13468
15252
16645
17768
19085
19511
16648
13611
12819
12825
12209
13073
14097
13022
12982
14932
13681
12717
13792
14100
13752
13862
13867
13911
13949
14140
13956
12079
13890
15272
13688
13715
14186
14289
13549
14283
14280
14336
14822
15291
13819
13825
13727
15069
14614
15279
14825
14391
14516
14983
13724
14207
15891
14762
14543
15069
15142
14559
14894
15293
15188
13560
14547
15027
14373
15217
13767
13130
14549
14436
13591
13237
14347
13622
12740
14550
14141
13824
14035
14364
13559
13576
14423
14406
14118
14435
14434
13768
14536
15769
15708
16399
17534
16863
16581
18376
18309
16553
17592
18346
17413
17894
19116
18471
17188
17743
18256
18351
19644
20070
18753
19180
20309
20517
19767
20198
20397
19624
20682
20727
19998
20051
20868
20150
20282
20781
20294
20570
21575
21106
21083
21163
22473
22363
21438
22214
22467
22465
22700
23334
22924
22183
23806
23849
22402
23344
23953
23107
24055
25041
24442
23864
24762
24322
23807
25445
25102
24320
26133
26606
25492
24921
26165
25883
25764
26038
25868
25155
25056
24644
23484
24993
24831
24726
24298
25065
24902
24548
25867
25957
24660
24694
25088
25180
25279
26264
26203
25577
24577
25536
24919
25953
27708
28636
30002
31756
31752
28248
25635
27088
25980
25359
26648
26399
25315
26217
26867
26054
25739
25678
24857
24785
25723
25840
25017
25728
24631
23609
25228
25624
25196
24053
24824
25125
24733
25058
25067
24712
24444
25147
24269
24356
25861
25186
24032
24562
25425
25127
24478
24749
24086
24284
25694
24865
23293
23870
24680
23919
23662
24289
23370
22534
23420
23969
22689
23212
22746
21742
22533
23467
22656
21869
23188
23031
21261
21923
22603
22252
21448
21576
21587
20500
21239
21161
18913
19272
20916
21613
21695
24366
23917
23645
24702
24540
24788
25559
26382
25651
26312
27137
25607
25374
27434
26883
25845
26094
26087
24402
25013
25730
24836
24387
25291
24492
24061
24904
25678
24160
24136
24453
23262
22877
23609
24093
22514
22902
24002
22250
22064
22862
22327
21470
23341
22705
22622
23964
24045
22786
23010
24031
22007
21177
22314
22292
22033
21516
22282
22307
21145
21933
21925
21197
22587
21771
20521
21319
22404
22107
21311
21297
21452
20412
20905
21225
19394
19333
20074
19136
19300
19928
18623
16398
19493
20179
18515
18841
19527
18889
18566
19679
18680
17536
18982
18804
17567
16969
19046
18738
18602
18551
18317
17767
18935
18175
17637
17887
18407
17891
17697
18717
19041
20124
23385
23919
24453
24786
22198
19360
18218
18402
17895
17781
19131
19217
18357
18728
19137
18327
18209
19355
18530
17767
18996
19453
18972
18318
18834
17920
17836
19467
18257
18228
18828
19049
18445
18808
19584
19405
18866
19525
19939
18832
19966
20375
19391
20473
20989
19986
20195
21432
21343
20409
21063
21300
19760
19565
21609
20790
20219
20678
20386
19815
19904
20402
20329
19620
19876
19264
18834
19946
19653
18869
19771
20659
18982
18841
20140
18963
18219
18364
18260
17648
17822
17984
17177
18106
18882
17868
17362
17626
17788
17090
18080
17293
16719
16450
16618
15763
15162
16440
17484
16805
17175
17855
16396
15512
16148
16512
15628
16120
16174
15643
16301
16526
14596
15410
16663
15294
15511
16187
16066
15630
16010
16136
14881
14675
15852
15784
15406
16577
16009
14660
15994
16816
16019
15943
16826
16346
16196
15769
16504
15451
15588
16717
15830
15706
16562
15766
15371
16141
16382
15489
15902
16335
15419
15092
16010
15646
14448
14762
14842
13766
13454
14124
13027
13023
14267
13451
12743
13918
13116
11848
12523
13666
12731
11767
12536
12735
11948
12355
12786
12213
11868
12484
12499
11501
12669
11623
11803
12068
11925
11774
11834
12138
11866
12063
12796
12047
11876
13028
13533
12677
12174
13304
13777
13202
14734
15279
16287
18645
19875
20826
21796
18876
15140
14979
16107
16159
15820
16769
17584
16015
15942
17559
16531
16767
17946
17427
16861
17572
18046
16720
17321
18221
17164
16945
18019
17511
16506
17832
18245
17349
17705
17842
16999
17132
17943
18110
16524
18110
17293
16611
17385
17675
17723
17621
16978
17530
17269
17438
17773
16556
16115
17708
16861
16758
16935
15618
14443
15006
15413
14598
14614
15430
14826
14354
14970
15148
14178
15346
15482
14199
14490
15104
13692
12593
14483
14750
13626
14001
14144
13081
13996
14471
13404
13089
13427
13492
13199
13501
14668
13769
13702
14912
14473
14034
15260
14817
14217
14350
14168
14577
15866
15796
15041
14982
15450
15509
14911
15510
15461
14369
15298
16508
16538
15106
16029
16211
16004
16113
16206
16807
17062
16966
17036
16483
17133
17565
17061
17252
17399
16342
17453
17881
17396
16950
17468
17724
17298
17855
18062
17295
17447
18268
17237
16389
17463
17665
17304
17245
17515
16610
17237
16747
17170
16938
17478
17734
16872
17280
18039
17305
17247
17368
17540
16875
17686
18046
17281
16943
17759
17054
16486
17524
17284
16052
17484
17751
16622
16751
17836
17419
16670
17743
17531
16360
16725
17507
16859
16933
17222
16650
16578
17324
17277
15914
16855
16503
17317
19752
20872
22859
21888
20980
17329
15458
16519
16864
16351
17003
17180
17330
16663
17099
16537
16199
16387
16655
15786
16667
16868
16158
16435
17175
16769
15670
16901
17415
16214
16642
17594
16927
15777
16486
16902
16781
17347
17380
16652
16718
17825
17177
17485
18099
17431
17458
18640
19406
18113
18258
19067
17858
18841
19154
18814
17440
18513
20020
18290
18136
18388
17932
17930
18674
18217
17550
17880
17785
17285
17817
17991
17382
17466
18340
17691
16638
17439
17754
17370
16464
17386
17269
17025
17663
17157
16967
17926
18350
17177
17223
17709
17267
17317
18136
18486
16687
17615
18332
17294
17611
18759
18033
17298
18533
18252
17629
17907
18071
17702
17320
17968
17066
17173
18288
17996
16698
17041
17661
17036
17113
17761
16648
17351
18097
17695
16426
16884
17319
16026
17577
17811
16862
16448
16464
16451
15963
17319
18097
16251
16834
17831
15927
16899
17464
16979
16299
16653
17081
16471
16871
16761
16439
16417
17143
17844
16450
17478
17805
16224
16970
17625
17006
17184
17823
17730
16465
16863
17811
16653
16492
17250
16811
16098
16825
16414
15149
16230
17080
15995
15581
16103
15538
15926
16533
16101
15768
16509
17306
15866
15511
17328
16689
15359
15567
16553
17104
18922
20817
21086
21996
22125
18371
15657
15993
16451
15333
16276
16913
16431
16081
17172
15724
15519
16908
16683
15873
16097
16283
15966
15956
17625
16189
15554
17152
17336
16147
16062
17198
16330
15839
16605
16122
14866
15791
15620
15348
15776
15966
16121
15205
16741
15595
14620
16127
16257
14957
15376
16698
15593
15246
16446
16460
15378
16409
16561
15394
16367
17553
16238
15414
16348
15503
15148
15694
15852
15076
15677
15614
15589
15023
14984
15076
14315
14324
14814
14179
14531
15116
14318
13967
14650
14264
13870
15671
15408
14574
15320
14995
14475
14622
15530
14554
13813
14569
14601
13754
13164
13681
13209
13028
13362
13209
12634
13244
12891
12155
12627
12969
13155
12919
13075
13398
12870
13509
13533
13523
13882
14617
13459
13310
14902
15067
13860
15171
14772
13848
14570
15294
14567
14690
15258
15427
14240
15594
15980
14610
15118
16773
16605
16084
15970
16161
14901
15349
16296
15449
15918
16168
14839
15144
16077
14804
14307
15041
15286
14593
14875
16185
15035
14101
15097
15064
13845
14603
15293
13981
14277
15794
14960
13203
14507
14190
13065
14112
14391
13849
13884
14218
13867
13329
13713
14120
13511
14580
15246
14869
14933
15588
15328
16037
16376
15473
15044
15522
16380
14863
14880
16288
17874
18496
19808
20871
20571
18407
16090
14015
14370
15028
14895
14861
15683
15731
14572
15481
15472
14496
14321
15526
15544
14883
15480
15052
14173
15404
16469
15335
15764
15590
15522
15228
16672
16918
15268
16901
17080
15580
16927
17634
17291
16647
17179
17773
16326
16870
18348
16789
17883
18564
17927
16085
18868
19386
18220
18636
19155
18031
18115
18588
17040
15382
17694
18219
18806
18699
18254
18146
19363
20029
17853
17722
19102
18081
17505
16994
18773
15959
14915
16414
16031
14160
15603
16251
15069
16017
16393
15117
16150
15936
15598
14580
15094
15700
15853
15216
15443
15593
15225
15587
15934
16333
15234
16077
15028
16613
17377
16551
14934
17222
17599
16283
16027
16029
16021
16329
15927
