8917
9340
7756
8156
9766
8479
7648
9104
8809
7089
8648
8926
7482
7620
9311
8764
7236
8652
8046
6546
7482
8747
6810
6436
7500
7010
6393
7049
6060
5399
7127
7494
5805
5946
6904
6101
5927
7070
6677
5173
6490
7796
6000
5755
7260
6154
5427
6812
6336
5647
6477
6916
5200
5385
6768
5377
5314
6447
6081
5126
5506
6918
5434
4832
6312
5769
5290
6059
5536
4212
5222
6321
5186
5526
5962
4905
3808
5612
5532
4294
5180
5981
3848
4754
6556
4837
4053
5292
4786
3228
4867
5757
3742
3052
4918
5272
3849
4429
4661
3447
3838
4629
3302
3290
4883
4058
2955
4158
4383
2739
3873
5131
4776
4042
4817
4323
3733
4895
4200
2711
4109
5167
3537
3172
5792
4478
3186
5249
4773
3436
4341
4944
3994
4371
5242
4329
3256
4341
4208
3045
3819
5311
3599
2816
4276
4039
3334
3595
4346
3187
3751
4569
3137
2566
4257
4484
2526
4013
4820
2807
3477
5018
3011
2227
4788
4186
3815
7285
8607
8173
8950
7922
3232
2342
4195
2635
2382
4479
4613
3178
3622
4598
2898
3095
4792
3727
2690
3972
4120
2767
4002
5425
3794
2934
3679
2865
1628
3055
3952
2281
2105
3782
2943
2232
3654
2407
1073
2721
3746
2349
2514
4536
3818
2212
4047
4042
2643
3300
4182
2681
2549
3419
3134
3319
4154
3649
1826
2709
4089
2809
2227
3087
2094
2137
3948
2526
1022
2073
2606
1637
1824
2425
1931
652
2884
2981
1242
1856
2918
1301
1769
3452
1955
1084
2731
2040
1123
2248
2615
1400
1297
2834
1619
830
2168
2208
504
1698
2160
1098
400
2288
931
871
2769
2373
498
1485
2203
1106
1048
2682
1348
270
1274
1674
875
732
1291
26
558
1121
501
-409
1382
1440
-15
590
1007
370
127
924
806
-500
1244
1298
-84
319
1100
-294
-162
829
639
-192
1783
1647
-448
43
1264
-118
-424
1349
977
-347
1339
2147
857
1314
1314
787
920
1664
1716
915
2137
1602
721
1412
2598
1217
1164
2304
2277
1176
2717
2469
1253
2610
2466
971
1089
1660
1467
1028
1923
1464
-240
1478
1819
1237
578
1888
1613
970
1315
1559
811
1960
2495
1389
968
2132
1495
799
2246
1680
683
1612
4567
5353
5580
7873
7292
3446
2586
2212
554
774
2287
1624
1275
2664
2229
832
2455
2343
1091
1459
2824
1478
753
1696
1819
916
2075
2206
394
1162
2496
702
1146
2077
1370
1938
2674
2611
813
1353
2667
1664
515
2658
2139
461
2218
2788
2010
1952
2560
2121
1569
2828
1840
1551
2340
2900
1773
1695
2877
1597
1492
2510
1880
1228
1412
2258
1123
1250
1561
460
453
1418
1349
1207
1321
909
772
1471
2130
1514
606
1708
1593
326
1154
1623
152
505
1787
618
-449
1665
783
-233
1464
1369
530
462
1545
1049
-111
1042
1627
-6
808
834
-185
185
1922
965
-400
630
321
-359
1129
1752
302
-38
1574
372
-636
307
764
-809
-19
1030
150
-500
166
839
404
367
691
-272
246
1154
-124
-352
1155
-8
-381
978
1042
-629
477
675
-322
-324
949
232
-669
755
522
-188
-701
521
90
-85
1350
558
-301
193
709
-182
835
591
-680
35
1230
217
-684
814
218
-1081
87
531
-251
-470
536
-270
-593
209
-78
-719
125
1384
-429
-960
454
58
-1719
-350
643
-315
-852
-10
-86
1695
4461
4625
3864
4015
1727
-1015
-879
-665
-855
-1119
220
-481
-1091
-105
265
-422
168
61
-664
-526
110
-501
-688
-157
79
-741
-596
87
-1123
-1125
817
-164
-1170
-1072
-907
-1360
-827
-240
-876
-1458
112
-284
-1192
157
-568
-949
-571
379
-625
-1111
10
-529
-1174
-344
245
-1042
147
-31
-1372
-1029
-68
-564
-1661
-1066
-1187
-2331
-1455
-841
-1800
-2417
-1444
-1908
-2740
-2060
-1900
-2546
-2063
-1575
-2271
-2408
-1949
-1851
-2238
-1276
-1070
-2642
-2555
-892
-2171
-2641
-887
-1435
-3065
-1593
-1274
-2822
-1842
-394
-1920
-2694
-1534
-1522
-2617
-1893
-1762
-3000
-1716
-1023
-2306
-2835
-1813
-2003
-2958
-2409
-1869
-2622
-2373
-1244
-2621
-3494
-1410
-1798
-2912
-1905
-1171
-1948
-2891
-1805
-2132
-3208
-1541
-1375
-2590
-1962
-1001
-2349
-2674
-1249
-2063
-2542
-1496
-2057
-2753
-1751
-958
-2584
-2479
-1015
-1757
-2250
-1437
-1480
-1785
-1592
-1410
-2082
-2143
-927
-2013
-2479
-1378
-1297
-2478
-1468
-822
-2244
-2677
-1064
-1604
-2118
-1074
-977
-2048
-1465
-1095
-1277
-1703
-1317
-1327
-2281
-1426
-1405
-2525
-2164
-958
-2042
-2041
-956
-2819
-3118
-1711
-1583
-3195
-2894
-1699
-2754
-3164
-2033
-2201
-3849
-2515
-2697
-3615
-2276
-2303
-2903
-3022
-2907
-3889
-4045
-2655
-733
-339
1497
2982
977
-893
-2236
-3758
-4131
-2895
-2403
-3593
-3492
-2353
-4167
-4363
-2371
-3171
-3676
-3379
-2819
-3978
-3801
-2646
-3212
-3481
-2537
-3262
-3608
-2977
-2480
-3928
-3717
-2515
-4118
-3176
-2691
-3062
-3289
-2905
-2936
-3483
-2482
-2183
-2983
-2779
-1903
-2450
-3094
-2670
-2395
-2706
-1499
-1582
-2785
-2274
-1268
-1369
-2778
-1662
-1254
-3074
-2682
-1544
-2312
-3367
-1694
-1781
-3424
-2368
-2151
-4070
-4157
-2869
-3579
-3922
-2875
-2441
-3594
-3306
-3134
-3909
-3515
-2559
-3468
-4025
-3076
-3607
-4847
-3213
-3527
-4294
-3890
-3126
-3937
-4218
-3045
-3042
-3501
-3330
-2993
-4122
-4035
-2219
-3234
-3619
-2282
-2205
-3428
-3142
-2008
-2532
-3198
-2263
-2351
-3641
-1852
-2157
-3381
-2797
-2302
-2821
-2431
-1688
-2955
-3467
-2627
-3025
-3899
-2494
-2209
-2947
-3552
-2613
-3348
-4225
-2533
-2612
-3742
-2956
-3472
-3133
-3173
-2196
-3367
-3449
-2436
-2461
-3636
-3300
-2532
-3274
-3407
-2017
-3390
-3611
-2986
-2374
-3804
-3610
-2469
-3018
-3145
-3237
-3709
-4453
-2946
-2965
-4704
-3713
-3311
-3725
-4048
-2935
-4261
-4782
-3086
-3470
-4734
-3611
-3918
-4433
-4438
-3643
-3783
-4703
-3329
-3226
-4255
-3533
-3015
-3600
-4476
-3514
-3467
-4923
-3910
-3143
-3780
-4322
-3070
-4056
-4188
-3452
-3667
-3809
-2877
-3497
-3754
-3639
-3324
-4789
-4622
-2439
-3069
-4136
-3740
-3706
-5091
-4397
-1918
-1111
436
2360
1014
-1003
-2897
-3887
-5178
-4035
-2928
-4416
-4438
-3286
-3478
-4240
-3454
-3055
-3386
-3377
-3250
-3046
-4051
-3157
-3709
-4032
-3794
-3510
-4206
-3638
-3238
-4072
-3879
-3123
-3193
-4452
-3255
-3308
-4922
-3556
-3311
-4426
-4986
-3706
-4085
-4260
-4102
-3883
-4113
-3463
-2555
-4727
-4725
-3039
-3555
-5174
-3857
-3303
-3922
-3960
-3636
-4437
-4435
-3425
-4071
-5244
-3970
-4273
-5389
-4758
-3825
-4744
-5190
-3899
-4570
-5578
-4536
-4722
-4981
-5009
-4027
-5108
-5215
-4034
-4590
-4945
-4004
-4281
-5933
-4382
-3199
-4866
-4809
-3920
-4699
-4355
-3900
-3779
-4910
-3884
-3513
-4876
-4453
-3339
-4324
-4699
-3748
-3823
-4400
-4202
-2623
-4026
-5353
-4003
-3894
-4184
-4091
-4471
-5169
-4357
-3388
-4432
-5496
-4130
-3812
-5195
-4839
-3918
-4712
-5030
-4016
-3886
-5028
-4518
-4398
-5485
-4663
-4218
-4692
-4799
-3447
-4377
-5043
-3991
-4747
-5429
-4753
-3261
-4697
-4885
-3772
-4670
-4894
-3485
-4751
-5162
-3926
-3944
-5444
-4912
-3814
-4239
-4766
-3429
-4269
-4589
-3764
-3475
-4354
-4441
-3558
-4256
-4827
-3936
-3651
-3845
-4428
-3888
-4628
-4657
-4024
-4448
-4740
-3949
-4766
-4971
-4441
-3830
-4892
-5545
-3834
-4404
-5959
-4104
-3509
-4763
-4753
-4330
-5206
-4828
-4356
-4760
-4944
-2813
-1539
-928
54
1748
-1656
-4846
-4419
-4936
-5681
-3738
-4201
-5148
-4283
-4098
-4979
-4870
-4235
-4781
-5883
-4019
-4091
-5279
-4507
-4133
-4641
-5222
-4519
-4354
-5189
-3948
-3374
-4536
-4947
-4237
-4849
-4557
-4209
-4670
-4854
-4456
-4022
-4091
-4808
-3481
-4005
-4715
-3188
-3826
-4211
-3866
-4141
-4942
-3956
-2878
-4166
-4348
-2602
-3501
-4501
-4000
-3805
-4582
-4341
-4243
-5037
-5550
-4888
-4868
-5058
-4634
-4131
-5618
-6017
-4179
-5656
-6053
-4841
-5032
-6223
-5817
-4984
-5988
-5921
-4751
-5699
-5806
-5217
-5080
-6075
-5727
-4939
-5933
-5854
-4715
-5648
-5738
-5047
-5053
-5725
-5079
-4518
-6032
-5955
-4732
-5247
-6091
-5626
-5295
-6200
-5344
-4948
-5611
-5863
-5474
-5723
-5930
-4723
-5375
-6126
-5553
-5770
-5824
-6063
-5231
-5518
-5633
-5605
-5259
-5775
-5356
-4996
-6916
-6429
-5182
-5566
-5995
-4826
-5021
-5749
-4808
-5224
-6661
-5982
-5136
-5373
-6567
-5044
-5127
-5546
-5181
-5618
-6430
-6136
-4820
-5163
-6583
-5488
-5147
-6714
-5666
-4992
-6380
-6118
-5035
-6022
-6138
-5245
-5368
-6283
-5283
-4853
-5643
-5238
-4883
-5850
-6684
-5407
-5120
-6415
-4994
-4408
-5408
-6020
-5033
-5818
-6048
-5282
-5884
-6474
-5687
-5600
-6227
-5193
-4934
-4960
-5826
-5759
-5570
-6853
-5746
-4716
-6725
-6169
-5407
-6118
-6500
-6330
-5712
-5376
-3251
-1015
-401
-568
-1694
-5323
-7282
-6142
-6506
-7196
-6868
-5646
-6221
-6225
-5589
-6219
-6370
-6034
-6140
-6579
-5605
-5328
-6578
-6815
-5989
-6023
-7079
-5942
-5646
-6857
-6376
-5480
-6191
-6814
-5869
-6194
-6791
-6376
-5322
-6073
-6462
-6224
-6897
-6771
-5252
-6154
-6280
-5780
-5686
-5865
-5940
-5608
-5906
-6045
-5337
-5075
-5931
-5342
-4822
-6433
-6021
-5100
-6542
-7028
-5766
-6490
-7483
-6333
-6696
-7580
-7036
-6467
-7311
-7705
-6826
-6399
-7458
-6933
-6960
-7489
-7371
-6255
-7076
-7595
-6459
-7027
-7803
-7150
-7206
-8050
-7324
-6785
-7271
-7230
-5634
-6899
-7706
-6826
-6599
-7353
-7440
-6370
-7062
-7460
-7387
-7072
-7440
-6416
-6806
-7381
-6387
-6340
-7245
-7161
-6153
-6860
-7283
-6780
-6847
-7560
-6982
-5963
-6955
-7359
-5810
-7272
-7394
-6635
-5523
-7219
-7140
-6028
-6697
-6975
-5824
-6189
-6967
-6392
-5659
-5880
-6262
-5623
-6394
-6623
-5951
-5858
-6758
-5646
-5795
-6494
-5832
-4878
-6093
-6021
-5291
-5257
-6335
-5523
-5126
-5838
-6008
-4844
-5179
-6200
-5694
-5175
-5567
-4852
-4337
-4954
-5376
-4277
-4664
-5784
-4413
-5093
-6360
-4566
-4299
-5421
-5531
-4764
-5330
-6224
-5283
-5556
-7234
-5973
-4885
-6284
-5475
-5405
-5859
-6716
-5337
-4764
-6642
-6375
-5168
-5984
-6146
-6478
-6984
-6791
-5601
-5727
-6657
-4854
-1854
-1812
-1042
-805
-4062
-6801
-6223
-5700
-6971
-6715
-5982
-6260
-6715
-6216
-5653
-6725
-5961
-6164
-7258
-6334
-5029
-6275
-6700
-5480
-6498
-7035
-5548
-5623
-6912
-6590
-5547
-6794
-7026
-5792
-5846
-6184
-6274
-5233
-5768
-5920
-6101
-7494
-6776
-5398
-6138
-7040